index,timestamp_iso,elapsed_s,V_set(V),I_avg(A),I_std(A),n_reads,interval_s
1,2025-09-23T16:21:13,1.5571283999997831,10.0,2.097839e-08,0.0,1,10.0
2,2025-09-23T16:21:22,10.513806300001306,10.0,2.329536e-08,0.0,1,10.0
3,2025-09-23T16:21:32,20.5138743000025,10.0,2.354014e-08,0.0,1,10.0
4,2025-09-23T16:21:42,30.513991700001498,10.0,2.348864e-08,0.0,1,10.0
5,2025-09-23T16:21:52,40.51411350000126,10.0,2.351727e-08,0.0,1,10.0
6,2025-09-23T16:22:02,50.51402990000133,10.0,2.356115e-08,0.0,1,10.0
7,2025-09-23T16:22:12,60.51392830000259,10.0,2.313947e-08,0.0,1,10.0
8,2025-09-23T16:22:22,70.51339419999931,10.0,2.335588e-08,0.0,1,10.0
9,2025-09-23T16:22:32,80.51410759999999,10.0,2.326797e-08,0.0,1,10.0
10,2025-09-23T16:22:42,90.51357790000111,10.0,2.325894e-08,0.0,1,10.0
11,2025-09-23T16:22:52,100.51356450000094,10.0,2.315494e-08,0.0,1,10.0
12,2025-09-23T16:23:02,110.51414010000008,10.0,2.320588e-08,0.0,1,10.0
