index,timestamp_iso,elapsed_s,V_set(V),I_avg(A),I_std(A),n_reads,interval_s
1,2025-09-23T16:14:19,1.549281700001302,10.0,2.086743e-08,0.0,1,10.0
2,2025-09-23T16:14:28,10.514271800002462,10.0,2.192581e-08,0.0,1,10.0
3,2025-09-23T16:14:38,20.514343500002724,10.0,2.230102e-08,0.0,1,10.0
4,2025-09-23T16:14:48,30.51380130000325,10.0,2.239865e-08,0.0,1,10.0
5,2025-09-23T16:14:58,40.51368040000307,10.0,2.241593e-08,0.0,1,10.0
6,2025-09-23T16:15:08,50.513958500003355,10.0,2.246297e-08,0.0,1,10.0
7,2025-09-23T16:15:18,60.51385290000326,10.0,2.23662e-08,0.0,1,10.0
8,2025-09-23T16:15:28,70.51404280000133,10.0,2.210062e-08,0.0,1,10.0
9,2025-09-23T16:15:38,80.513933000002,10.0,2.241492e-08,0.0,1,10.0
10,2025-09-23T16:15:48,90.51381240000046,10.0,2.221265e-08,0.0,1,10.0
11,2025-09-23T16:15:58,100.51409899999999,10.0,2.229761e-08,0.0,1,10.0
12,2025-09-23T16:16:08,110.51416650000101,10.0,2.252656e-08,0.0,1,10.0
13,2025-09-23T16:16:18,120.51420500000313,10.0,2.243094e-08,0.0,1,10.0
14,2025-09-23T16:16:28,130.51400020000074,10.0,2.261256e-08,0.0,1,10.0
15,2025-09-23T16:16:38,140.5141332000021,10.0,2.254174e-08,0.0,1,10.0
16,2025-09-23T16:16:48,150.51335980000295,10.0,2.257924e-08,0.0,1,10.0
17,2025-09-23T16:16:58,160.51352380000026,10.0,2.269853e-08,0.0,1,10.0
18,2025-09-23T16:17:08,170.5137089000018,10.0,2.262045e-08,0.0,1,10.0
